<svg width="0" height="0" class="hidden">
  <symbol
    fill="none"
    xmlns="http://www.w3.org/2000/svg"
    viewBox="0 0 28 28"
    id="Frame1"
  >
    <path
      opacity="0.3"
      d="M5 7.97474C5 7.40234 5.20271 6.93012 5.60811 6.55808C6.01351 6.18602 6.54055 6 7.18919 6C7.82626 6 8.34169 6.18315 8.73552 6.54949C9.14092 6.92727 9.34363 7.41951 9.34363 8.02626C9.34363 8.57575 9.14672 9.03365 8.7529 9.39999C8.3475 9.77777 7.81467 9.96666 7.15444 9.96666H7.13707C6.49999 9.96666 5.98456 9.77777 5.59073 9.39999C5.19691 9.02222 5 8.54713 5 7.97474ZM5.22587 23V11.5293H9.08301V23H5.22587ZM11.2201 23H15.0772V16.5949C15.0772 16.1942 15.1236 15.8852 15.2162 15.6677C15.3784 15.2784 15.6245 14.9493 15.9546 14.6803C16.2847 14.4113 16.6988 14.2768 17.1969 14.2768C18.4942 14.2768 19.1429 15.1411 19.1429 16.8697V23H23V16.4232C23 14.7289 22.5946 13.4439 21.7838 12.5682C20.973 11.6924 19.9016 11.2545 18.5695 11.2545C17.0753 11.2545 15.9112 11.8899 15.0772 13.1606V13.1949H15.0598L15.0772 13.1606V11.5293H11.2201C11.2432 11.8956 11.2548 13.0347 11.2548 14.9464C11.2548 16.8582 11.2432 19.5427 11.2201 23Z"
      fill="black"
    ></path>
  </symbol>
  <symbol
    fill="none"
    xmlns="http://www.w3.org/2000/svg"
    viewBox="0 0 28 28"
    id="Frame2"
  >
    <path
      opacity="0.3"
      d="M22.4963 10.6911H17.0261V12.2124H22.5178L22.4963 10.6911ZM21.3418 21.1567C20.9268 21.4317 20.4368 21.5712 19.9392 21.556C19.6098 21.5903 19.2769 21.5563 18.9613 21.456C18.6457 21.3558 18.3542 21.1914 18.105 20.9733C17.6443 20.451 17.4045 19.7702 17.4361 19.0744H24.5786C24.6301 18.35 24.5682 17.6219 24.3952 16.9166C24.2278 16.2455 23.9349 15.6122 23.532 15.05C23.1265 14.5047 22.6027 14.0584 22 13.7445C21.3293 13.4138 20.5897 13.2474 19.8421 13.259C19.139 13.2538 18.4419 13.3896 17.7921 13.6582C17.1971 13.909 16.658 14.2758 16.2061 14.7371C15.7555 15.2077 15.4066 15.7659 15.1811 16.3771C14.9391 17.0369 14.8185 17.7351 14.8251 18.4378C14.814 19.1506 14.9309 19.8595 15.1703 20.531C15.3737 21.139 15.6965 21.7002 16.1198 22.1817C16.5577 22.6545 17.096 23.0231 17.695 23.2607C18.363 23.5152 19.0734 23.6397 19.7882 23.6275C20.7909 23.6588 21.781 23.3962 22.6365 22.8722C23.5007 22.2582 24.1228 21.3612 24.3952 20.3368H22.0107C21.8831 20.6757 21.6482 20.9636 21.3418 21.1567ZM17.6411 16.7116C17.7251 16.4426 17.8644 16.1941 18.0503 15.9823C18.2361 15.7704 18.4642 15.5999 18.72 15.4816C19.0588 15.3291 19.4276 15.2553 19.7989 15.2658C20.0672 15.2429 20.3372 15.2783 20.5905 15.3695C20.8438 15.4608 21.0743 15.6057 21.2663 15.7945C21.6329 16.2432 21.8681 16.7847 21.946 17.3589H17.4685C17.4859 17.1397 17.5257 16.9227 17.5871 16.7116H17.6411ZM11.9335 16.1937C12.4827 15.965 12.9598 15.5922 13.3146 15.1147C13.6407 14.6076 13.8026 14.0124 13.7785 13.41C13.7997 12.8607 13.6925 12.314 13.4656 11.8132C13.275 11.3794 12.969 11.0062 12.5809 10.7343C12.1695 10.4516 11.7022 10.2603 11.2107 10.1732C10.6289 10.0512 10.0356 9.99334 9.44121 10.0006H3V23.5736H9.58147C10.1821 23.574 10.7803 23.4978 11.3617 23.347C11.9128 23.2044 12.4348 22.9671 12.9046 22.6457C13.3596 22.3303 13.7301 21.9079 13.9835 21.4157C14.2639 20.8652 14.4012 20.253 14.3827 19.6355C14.4031 18.8702 14.1885 18.1171 13.7677 17.4776C13.3152 16.8345 12.644 16.3781 11.8796 16.1937H11.9335ZM5.98864 12.3203H8.78307C9.03979 12.32 9.29607 12.3417 9.54911 12.385C9.7821 12.4196 10.0059 12.5003 10.2073 12.6224C10.4018 12.7325 10.5595 12.8977 10.6604 13.0971C10.7854 13.3364 10.8449 13.6043 10.833 13.874C10.8531 14.1062 10.8176 14.3399 10.7294 14.5556C10.6413 14.7714 10.5029 14.9631 10.3259 15.1147C9.93981 15.3802 9.47777 15.5127 9.00964 15.4924H5.98864V12.3203ZM11.2107 20.3476C11.0998 20.5674 10.9322 20.7537 10.7251 20.887C10.5097 21.021 10.2723 21.116 10.0238 21.1675C9.74769 21.2294 9.46521 21.2583 9.18227 21.2539H5.94548V17.5315H9.18227C9.73772 17.5072 10.2862 17.6623 10.7467 17.9739C10.9547 18.1606 11.1159 18.3936 11.2171 18.6542C11.3183 18.9147 11.3568 19.1955 11.3293 19.4736C11.3585 19.7702 11.3179 20.0695 11.2107 20.3476Z"
      fill="black"
    ></path>
  </symbol>
  <symbol
    fill="none"
    xmlns="http://www.w3.org/2000/svg"
    viewBox="0 0 28 28"
    id="Frame3"
  >
    <path
      opacity="0.3"
      d="M22.5417 10.7108C21.8824 10.9969 21.1852 11.1859 20.4718 11.2722C21.2244 10.8225 21.7885 10.1151 22.0593 9.28119C21.352 9.70225 20.5777 9.99891 19.7701 10.1583C19.2303 9.57289 18.5114 9.18322 17.7263 9.05039C16.9412 8.91756 16.1342 9.04908 15.4319 9.42432C14.7295 9.79957 14.1716 10.3973 13.8456 11.1238C13.5196 11.8503 13.4439 12.6644 13.6305 13.4386C12.2004 13.3662 10.8014 12.9938 9.52457 12.3456C8.24773 11.6974 7.12153 10.7878 6.21915 9.67588C5.90264 10.2286 5.73633 10.8545 5.73675 11.4914C5.73563 12.0829 5.88078 12.6655 6.15929 13.1873C6.4378 13.7092 6.84102 14.154 7.33304 14.4823C6.76116 14.4667 6.2015 14.3133 5.70167 14.035V14.0788C5.70595 14.9076 5.99636 15.7094 6.52377 16.3487C7.05118 16.988 7.78321 17.4255 8.59604 17.5872C8.28315 17.6824 7.95829 17.7326 7.63125 17.7363C7.40487 17.7336 7.17905 17.7131 6.9559 17.6749C7.18737 18.3878 7.63531 19.0108 8.23738 19.4573C8.83946 19.9037 9.56573 20.1514 10.3151 20.1658C9.04967 21.1615 7.48731 21.705 5.87708 21.7095C5.58391 21.7104 5.29096 21.6929 5 21.6568C6.64403 22.7183 8.55992 23.2818 10.5169 23.2795C11.8673 23.2935 13.207 23.0383 14.4577 22.5287C15.7084 22.0192 16.845 21.2656 17.8012 20.3118C18.7574 19.3581 19.514 18.2234 20.0267 16.974C20.5394 15.7246 20.7981 14.3856 20.7875 13.0351C20.7875 12.886 20.7875 12.7281 20.7875 12.5703C21.4758 12.057 22.0693 11.4278 22.5417 10.7108Z"
      fill="black"
    ></path>
  </symbol>
</svg>
